<?xml version="1.0" encoding="UTF-8" standalone="no" ?>
<COLLADA xmlns="http://www.collada.org/2005/11/COLLADASchema" version="1.4.1">
    <asset>
        <contributor>
            <authoring_tool>SketchUp 15.0.1</authoring_tool>
        </contributor>
        <created>2020-01-19T10:25:58Z</created>
        <modified>2020-01-19T10:25:58Z</modified>
        <unit meter="0.0254" name="inch" />
        <up_axis>Z_UP</up_axis>
    </asset>
    <library_cameras>
        <camera id="ID1" name="skp_camera_Last_Saved_SketchUp_View">
            <optics>
                <technique_common>
                    <perspective>
                        <yfov>35</yfov>
                        <aspect_ratio>0</aspect_ratio>
                        <znear>1</znear>
                        <zfar>1000</zfar>
                    </perspective>
                </technique_common>
            </optics>
        </camera>
    </library_cameras>
    <library_visual_scenes>
        <visual_scene id="ID2">
            <node name="SketchUp">
                <node name="skp_camera_Last_Saved_SketchUp_View">
                    <matrix>0.9975407 0.008550382 0.06956717 147.645 0.07009066 -0.1216903 -0.9900903 -274.7692 -1.040834e-17 0.9925313 -0.1219903 69.33381 0 0 0 1</matrix>
                    <instance_camera url="#ID1" />
                </node>
                <node id="ID3" name="instance_0">
                    <matrix>1 0 0 0 0 1 0 0 0 0 1 0 0 0 0 1</matrix>
                    <instance_node url="#ID4" />
                </node>
            </node>
        </visual_scene>
    </library_visual_scenes>
    <library_nodes>
        <node id="ID4" name="i_m_fine_">
            <node id="ID5" name="instance_1">
                <matrix>-0.0438927 0.9187329 0.02905394 41.77231 -0.8563047 -0.04818689 0.481615 89.57232 0.3334902 -0.002809647 1.240469 30.40206 0 0 0 1</matrix>
                <instance_node url="#ID6" />
            </node>
            <node id="ID116" name="instance_52">
                <matrix>-0.4489636 -0.7847658 0.2462622 144.8258 0.71108 -0.4791362 -0.4824258 138.4819 0.3730912 -0.03116416 1.215805 55.59383 0 0 0 1</matrix>
                <instance_node url="#ID6" />
            </node>
            <node id="ID117" name="instance_53">
                <matrix>0.6074802 -0.6151188 -0.4551982 150.469 0.5511142 0.6840796 -0.3954346 63.78186 0.4167025 -0.007999624 1.186586 30.08247 0 0 0 1</matrix>
                <instance_node url="#ID6" />
            </node>
            <node id="ID118" name="instance_54">
                <matrix>0.9781476 5.141275e-17 -0.2079117 104.089 -5.551115e-17 1 -1.387779e-17 36.27185 0.2079117 2.511594e-17 0.9781476 18.60491 0 0 0 1</matrix>
                <instance_node url="#ID6" />
            </node>
            <node id="ID119" name="instance_55">
                <matrix>-0.5330904 0.8660254 0.1039558 42.57069 -0.9233397 -0.5 0.1800568 127.0746 0.2266237 -1.778092e-17 0.9781476 2.571054 0 0 0 1</matrix>
                <instance_node url="#ID6" />
            </node>
            <node id="ID120" name="instance_56">
                <matrix>0.7257096 -0.2169063 -0.6529144 113.3603 0.5402984 0.7671984 0.3456649 48.69215 0.425938 -0.603621 0.6739574 188.1526 0 0 0 1</matrix>
                <instance_node url="#ID121" />
            </node>
            <node id="ID125" name="instance_60">
                <matrix>-0.9204538 -0.4189245 0.2906789 122.1271 0.4169684 -0.9077982 -0.1550612 129.8334 0.3518553 -0.02011474 0.9441726 105.5703 0 0 0 1</matrix>
                <instance_node url="#ID126" />
            </node>
            <node id="ID131" name="instance_65">
                <matrix>-0.8395081 0.7201889 0.1515532 78.80946 -0.8808008 -0.6933128 0.1214839 128.2938 0.2387807 -0.02540437 0.9809553 92.25441 0 0 0 1</matrix>
                <instance_node url="#ID126" />
            </node>
            <node id="ID132" name="instance_66">
                <matrix>1 0 0 94.78841 0 1 0 94.62532 0 0 1 0 0 0 0 1</matrix>
                <instance_node url="#ID133" />
            </node>
            <node id="ID142" name="instance_67">
                <matrix>-0.1525384 0.9784283 -0.1393201 97.98664 -0.9846354 -0.138331 0.1065727 113.5407 0.08500144 0.1534359 0.9844959 126.5597 0 0 0 1</matrix>
                <instance_node url="#ID143" />
            </node>
            <node id="ID148" name="instance_72">
                <matrix>-0.9402817 -0.5 0.1998631 126.4244 0.5428719 -0.8660254 -0.115391 154.743 0.230782 -3.295975e-17 1.085744 11.48969 0 0 0 1</matrix>
                <instance_node url="#ID6" />
            </node>
            <node id="ID149" name="instance_73">
                <matrix>-0.8614061 -0.4832952 0.1562222 121.3043 0.4992808 -0.8621895 0.08572078 94.451 0.09326473 0.1518392 0.9839952 138.6343 0 0 0 1</matrix>
                <instance_node url="#ID143" />
            </node>
            <node id="ID150" name="instance_74">
                <matrix>0.7233097 0.4639917 -0.4753033 82.8908 -0.4345894 0.7940063 0.2381021 42.24539 0.3665449 0.02580029 1.220227 39.23543 0 0 0 1</matrix>
                <instance_node url="#ID6" />
            </node>
            <node id="ID151" name="instance_75">
                <matrix>0.4572792 0.8868109 -0.06679933 63.95277 -0.8682249 0.4614337 0.1823857 84.02431 0.1925651 -0.02540437 0.9809553 101.5415 0 0 0 1</matrix>
                <instance_node url="#ID126" />
            </node>
            <node id="ID152" name="instance_76">
                <matrix>0.5281997 0.8660254 -0.1039558 47.56593 -0.9148687 0.5 0.1800568 62.66187 0.2245446 -1.734723e-18 0.9781476 9.897651 0 0 0 1</matrix>
                <instance_node url="#ID6" />
            </node>
            <node id="ID153" name="instance_77">
                <matrix>0.4026413 -0.90959 -0.1025961 134.952 0.8948735 0.4147296 -0.1649265 75.21034 0.1925651 -0.02540437 0.9809553 114.0494 0 0 0 1</matrix>
                <instance_node url="#ID126" />
            </node>
            <node id="ID154" name="instance_78">
                <matrix>-0.1615578 0.9587759 -0.2337689 99.39545 -0.9764796 -0.1210356 0.1784321 112.424 0.142782 0.2570977 0.9557793 143.3494 0 0 0 1</matrix>
                <instance_node url="#ID143" />
            </node>
            <node id="ID155" name="instance_79">
                <matrix>0.2624494 -0.9504356 0.166711 105.4289 0.9646618 0.2542359 -0.0692222 76.21079 0.02340732 0.1789871 0.9835729 147.1169 0 0 0 1</matrix>
                <instance_node url="#ID143" />
            </node>
            <node id="ID156" name="instance_80">
                <matrix>0.278725 -0.9639395 -0.08133879 161.5396 0.97047 0.2647605 -0.3892875 92.21641 0.4364634 0.02687936 0.917518 -4.897261 0 0 0 1</matrix>
                <instance_node url="#ID6" />
            </node>
            <node id="ID157" name="instance_81">
                <matrix>-0.8614061 -0.4832952 0.1562222 120.9765 0.4992808 -0.8621895 0.08572078 94.40899 0.09326473 0.1518392 0.9839952 123.755 0 0 0 1</matrix>
                <instance_node url="#ID143" />
            </node>
            <node id="ID158" name="instance_82">
                <matrix>-0.4319757 -0.3987491 0.8612058 111.7363 0.1878284 -0.9170601 -0.374463 142.2255 1.287188 -4.44754e-17 0.3436597 155.5257 0 0 0 1</matrix>
                <instance_node url="#ID121" />
            </node>
            <node id="ID159" name="instance_83">
                <matrix>0.9873183 -0.003412618 -0.1587164 86.46345 -0.02941744 0.9785215 -0.2040349 88.92949 0.1560038 0.2061164 0.9660118 127.2219 0 0 0 1</matrix>
                <instance_node url="#ID143" />
            </node>
            <node id="ID160" name="instance_84">
                <matrix>-0.7473002 0.6517997 0.1292269 78.45276 -0.2972507 -0.5018465 0.8122758 110.6179 0.5942932 0.5686011 0.568778 131.353 0 0 0 1</matrix>
                <instance_node url="#ID121" />
            </node>
            <node id="ID161" name="instance_85">
                <matrix>0.7281524 -0.6772481 -0.1054945 123.1084 0.6829568 0.7038709 0.1952837 62.60194 -0.05800103 -0.2142445 0.9750565 102.364 0 0 0 1</matrix>
                <instance_node url="#ID126" />
            </node>
            <node id="ID162" name="instance_86">
                <matrix>-0.8658603 0.1664444 0.379978 82.41532 -0.1662923 -0.9045012 0.03615306 153.8456 0.2627409 -0.02395485 1.275096 27.84564 0 0 0 1</matrix>
                <instance_node url="#ID6" />
            </node>
            <node id="ID163" name="instance_87">
                <matrix>0.9898771 -0.006651239 -0.1417711 94.90757 0.009131006 0.9998164 0.01684798 58.61004 0.141633 -0.01797194 0.9897561 84.89765 0 0 0 1</matrix>
                <instance_node url="#ID126" />
            </node>
        </node>
        <node id="ID6" name="Component_9">
            <node id="ID7" name="instance_2">
                <matrix>0.7071068 0.7071068 5.030698e-17 31.81686 -0.7071068 0.7071068 2.081668e-17 51.00654 -2.085279e-17 -5.029202e-17 1 10.87008 0 0 0 1</matrix>
                <instance_node url="#ID8" />
            </node>
            <node id="ID82" name="instance_28">
                <matrix>0.9781476 2.252797e-17 0.2079117 53.78046 -2.775558e-17 1 2.222614e-17 48.48846 -0.2079117 -2.751116e-17 0.9781476 11.36122 0 0 0 1</matrix>
                <instance_node url="#ID8" />
            </node>
            <node id="ID83" name="instance_29">
                <matrix>0.7815205 -0.6238796 1.613293e-16 56.6507 0.6238796 0.7815205 0 52.61807 -1.260821e-16 1.0065e-16 1 10.87008 0 0 0 1</matrix>
                <instance_node url="#ID8" />
            </node>
            <node id="ID84" name="instance_30">
                <matrix>0.6101452 -0.7922896 4.597017e-17 43.62829 0.7922896 0.6101452 1.387779e-17 46.99696 -3.904371e-17 2.795423e-17 1 -1.776357e-15 0 0 0 1</matrix>
                <instance_node url="#ID85" />
            </node>
            <node id="ID105" name="instance_50">
                <matrix>2.483547e-12 2.775558e-17 1 3.915556 -6.938894e-17 1 -2.775558e-17 61.12146 -1 -6.938894e-17 2.483547e-12 27.30324 0 0 0 1</matrix>
                <instance_node url="#ID106" />
            </node>
            <node id="ID115" name="instance_51">
                <matrix>0.3810704 0.924546 1.665335e-16 -8.414837 -0.924546 0.3810704 4.857226e-17 52.05485 -1.855368e-17 -1.724773e-16 1 7.105427e-15 0 0 0 1</matrix>
                <instance_node url="#ID85" />
            </node>
        </node>
        <node id="ID8" name="Component_5">
            <node id="ID9" name="instance_3">
                <matrix>6.798411e-13 -0.5060053 0.3582717 7.462132 3.469447e-18 0.3582717 0.5060053 10.94979 -0.62 -5.548647e-13 3.929131e-13 20.38339 0 0 0 1</matrix>
                <instance_node url="#ID10" />
            </node>
            <node id="ID59" name="instance_18">
                <matrix>0.2054805 0.183339 0.5554859 16.93745 -0.06360683 0.5922726 -0.1719516 9.514869 -0.5814911 2.141299e-18 0.2151001 21.11215 0 0 0 1</matrix>
                <instance_node url="#ID10" />
            </node>
            <node id="ID60" name="instance_19">
                <matrix>6.798692e-13 -0.2402597 0.5715552 25.56116 0 0.5715552 0.2402597 9.477827 -0.62 -2.634574e-13 6.267651e-13 20.38339 0 0 0 1</matrix>
                <instance_node url="#ID10" />
            </node>
            <node id="ID61" name="instance_20">
                <matrix>-0.1604678 -2.259443e-13 0.598874 32.21596 -5.848187e-14 0.62 2.18256e-13 9.06335 -0.598874 -4.174178e-18 -0.1604678 20.05523 0 0 0 1</matrix>
                <instance_node url="#ID10" />
            </node>
            <node id="ID62" name="instance_21">
                <matrix>6.662537e-13 0.5369358 0.31 -0.7063323 -1.355478e-13 0.31 -0.5369358 11.26848 -0.62 5.091808e-13 4.505233e-13 20.38339 0 0 0 1</matrix>
                <instance_node url="#ID10" />
            </node>
            <node id="ID63" name="instance_22">
                <matrix>0.3406624 -0.2891597 0.429809 9.524146 0.1796109 0.5484402 0.2266126 7.410012 -0.4858899 1.23599e-17 0.3851116 19.44064 0 0 0 1</matrix>
                <instance_node url="#ID10" />
            </node>
            <node id="ID64" name="instance_23">
                <matrix>-0.3876505 -2.259026e-13 0.4838668 17.03859 -1.413036e-13 0.62 1.763867e-13 8.752866 -0.4838668 -1.615461e-17 -0.3876505 19.33867 0 0 0 1</matrix>
                <instance_node url="#ID10" />
            </node>
            <node id="ID65" name="instance_24">
                <matrix>6.396649e-13 0.4124428 0.4629157 8.629219 -2.302949e-13 0.4629157 -0.4124428 10.58611 -0.62 2.535823e-13 6.30814e-13 20.38339 0 0 0 1</matrix>
                <instance_node url="#ID10" />
            </node>
            <node id="ID66" name="instance_25">
                <matrix>-0.5084942 -2.25861e-13 0.3547304 5.586799 -1.853101e-13 0.62 1.292855e-13 8.752866 -0.3547304 -4.380177e-17 -0.5084942 18.22587 0 0 0 1</matrix>
                <instance_node url="#ID10" />
            </node>
            <node id="ID67" name="instance_26">
                <matrix>1.07 -6.938894e-18 -6.938894e-17 -1.785459 0 0.8397107 0.619779 12.98729 1.301043e-18 -0.6631636 0.7847764 15.76997 0 0 0 1</matrix>
                <instance_node url="#ID68" />
            </node>
            <node id="ID81" name="instance_27">
                <matrix>6.798556e-13 -0.414861 0.4607498 18.34524 3.469447e-18 0.4607498 0.414861 9.990032 -0.62 -4.549217e-13 5.052417e-13 20.38339 0 0 0 1</matrix>
                <instance_node url="#ID10" />
            </node>
        </node>
        <node id="ID10" name="Component_3">
            <node id="ID11" name="instance_4">
                <matrix>0.668304 -1.387779e-17 7.285839e-17 2.549561 4.943962e-17 0.765 1.110223e-16 1.342976 1.387779e-17 0 1.024144 8.074803 0 0 0 1</matrix>
                <instance_node url="#ID12" />
            </node>
            <node id="ID45" name="instance_13">
                <matrix>1 0 0 0 0 1 0 0 0 0 1 0 0 0 0 1</matrix>
                <instance_node url="#ID12" />
            </node>
            <node id="ID46" name="instance_14">
                <matrix>0.7468075 0.3578102 1.700029e-16 -0.7384201 -0.3578102 0.7468075 2.775558e-17 4.797042 4.163336e-17 -3.330669e-16 1.061936 3.34252 0 0 0 1</matrix>
                <instance_node url="#ID12" />
            </node>
            <node id="ID47" name="instance_15">
                <matrix>0.51684 -0.3415725 1.543904e-16 6.193467 0.2983977 0.5916209 2.775558e-17 0.4207657 -6.938894e-18 -1.665335e-16 1.106618 13.17717 0 0 0 1</matrix>
                <instance_node url="#ID12" />
            </node>
            <node id="ID48" name="instance_16">
                <matrix>0.8038569 -0.5948228 1.734723e-18 7.389999 0.5948228 0.8038569 -5.551115e-17 6.718752 3.162483e-17 4.565487e-17 1 0.7880289 0 0 0 1</matrix>
                <instance_node url="#ID49" />
            </node>
            <node id="ID58" name="instance_17">
                <matrix>0.4779138 4.163336e-17 -4.857226e-17 3.974546 2.862294e-17 0.683145 -5.551115e-17 1.832172 7.372575e-18 -2.775558e-17 1.394339 18.49606 0 0 0 1</matrix>
                <instance_node url="#ID12" />
            </node>
        </node>
        <node id="ID12" name="Component_1">
            <node id="ID13" name="instance_5">
                <matrix>-0.8787777 -0.4508938 -0.1563474 8.010048 0.3174832 -0.7969522 0.513879 7.249371 -0.6021576 0.6792917 1.425507 0.752995 0 0 0 1</matrix>
                <instance_node url="#ID14" />
            </node>
            <node id="ID29" name="instance_6">
                <matrix>-0.8206436 -0.5662534 -0.07681864 13.00143 0.4467549 -0.7195798 0.5316155 13.66409 0.6021576 -0.6792917 -1.425507 6.322199 0 0 0 1</matrix>
                <instance_node url="#ID30" />
            </node>
            <node id="ID39" name="instance_7">
                <matrix>0.214375 -0.843495 0.4925033 7.435375 0.9094445 0.3563062 0.214375 7.064178 -0.6021576 0.6792917 1.425507 1.002806 0 0 0 1</matrix>
                <instance_node url="#ID14" />
            </node>
            <node id="ID40" name="instance_8">
                <matrix>-0.1181378 0.8761184 -0.467397 7.798925 -0.9268707 -0.2661851 -0.2646812 7.594753 -0.6021576 0.6792917 1.425507 0.752995 0 0 0 1</matrix>
                <instance_node url="#ID14" />
            </node>
            <node id="ID41" name="instance_9">
                <matrix>0.9211854 -4.440892e-16 0.389124 7.492585 0.1564075 0.9156626 -0.3702684 7.304003 -0.6021576 0.6792917 1.425507 0.3342686 0 0 0 1</matrix>
                <instance_node url="#ID14" />
            </node>
            <node id="ID42" name="instance_10">
                <matrix>-0.4914883 -0.8483876 0.1966664 7.839891 0.7946604 -0.3444945 0.4998384 7.001824 -0.6021576 0.6792917 1.425507 0.6685371 0 0 0 1</matrix>
                <instance_node url="#ID14" />
            </node>
            <node id="ID43" name="instance_11">
                <matrix>0.7195662 -0.4578313 0.5221254 11.64625 0.5960456 0.7929871 -0.1260999 -4.218847e-15 0.6021576 -0.6792917 -1.425507 5.98793 0 0 0 1</matrix>
                <instance_node url="#ID30" />
            </node>
            <node id="ID44" name="instance_12">
                <matrix>0.4467549 -0.7195798 0.5316155 13.92254 0.8206436 0.5662534 0.07681864 2.00311 0.6021576 -0.6792917 -1.425507 6.322199 0 0 0 1</matrix>
                <instance_node url="#ID30" />
            </node>
        </node>
        <node id="ID14" name="pine_needle">
            <instance_geometry url="#ID15">
                <bind_material>
                    <technique_common>
                        <instance_material symbol="Material2" target="#ID16">
                            <bind_vertex_input semantic="UVSET0" input_semantic="TEXCOORD" input_set="0" />
                        </instance_material>
                        <instance_material symbol="Material3" target="#ID22">
                            <bind_vertex_input semantic="UVSET0" input_semantic="TEXCOORD" input_set="0" />
                        </instance_material>
                        <instance_material symbol="Material4" target="#ID24">
                            <bind_vertex_input semantic="UVSET0" input_semantic="TEXCOORD" input_set="0" />
                        </instance_material>
                    </technique_common>
                </bind_material>
            </instance_geometry>
        </node>
        <node id="ID30" name="pine_needle">
            <instance_geometry url="#ID31">
                <bind_material>
                    <technique_common>
                        <instance_material symbol="Material2" target="#ID16">
                            <bind_vertex_input semantic="UVSET0" input_semantic="TEXCOORD" input_set="0" />
                        </instance_material>
                        <instance_material symbol="Material3" target="#ID22">
                            <bind_vertex_input semantic="UVSET0" input_semantic="TEXCOORD" input_set="0" />
                        </instance_material>
                        <instance_material symbol="Material4" target="#ID24">
                            <bind_vertex_input semantic="UVSET0" input_semantic="TEXCOORD" input_set="0" />
                        </instance_material>
                    </technique_common>
                </bind_material>
            </instance_geometry>
        </node>
        <node id="ID49" name="Component_2">
            <instance_geometry url="#ID50">
                <bind_material>
                    <technique_common>
                        <instance_material symbol="Material2" target="#ID16">
                            <bind_vertex_input semantic="UVSET0" input_semantic="TEXCOORD" input_set="0" />
                        </instance_material>
                        <instance_material symbol="Material3" target="#ID22">
                            <bind_vertex_input semantic="UVSET0" input_semantic="TEXCOORD" input_set="0" />
                        </instance_material>
                        <instance_material symbol="Material4" target="#ID24">
                            <bind_vertex_input semantic="UVSET0" input_semantic="TEXCOORD" input_set="0" />
                        </instance_material>
                    </technique_common>
                </bind_material>
            </instance_geometry>
        </node>
        <node id="ID68" name="Component_6">
            <instance_geometry url="#ID69">
                <bind_material>
                    <technique_common>
                        <instance_material symbol="Material2" target="#ID70">
                            <bind_vertex_input semantic="UVSET0" input_semantic="TEXCOORD" input_set="0" />
                        </instance_material>
                        <instance_material symbol="Material3" target="#ID24">
                            <bind_vertex_input semantic="UVSET0" input_semantic="TEXCOORD" input_set="0" />
                        </instance_material>
                        <instance_material symbol="Material4" target="#ID76">
                            <bind_vertex_input semantic="UVSET0" input_semantic="TEXCOORD" input_set="0" />
                        </instance_material>
                    </technique_common>
                </bind_material>
            </instance_geometry>
        </node>
        <node id="ID85" name="Component_8">
            <node id="ID86" name="instance_31">
                <matrix>0.3406624 -0.2891597 0.429809 16.54787 0.1796109 0.5484402 0.2266126 21.46856 -0.4858899 5.551115e-17 0.3851116 30.31072 0 0 0 1</matrix>
                <instance_node url="#ID10" />
            </node>
            <node id="ID87" name="instance_32">
                <matrix>-0.5084942 -2.259581e-13 0.3547304 23.95305 -1.852685e-13 0.62 1.292993e-13 22.81141 -0.3547304 -5.551115e-17 -0.5084942 29.09595 0 0 0 1</matrix>
                <instance_node url="#ID10" />
            </node>
            <node id="ID88" name="instance_33">
                <matrix>-0.1604678 -2.259304e-13 0.598874 50.58221 -5.847666e-14 0.62 2.181866e-13 23.1219 -0.598874 5.187907e-17 -0.1604678 30.92531 0 0 0 1</matrix>
                <instance_node url="#ID10" />
            </node>
            <node id="ID89" name="instance_34">
                <matrix>0.3406624 -0.2891597 0.429809 24.73685 0.1796109 0.5484402 0.2266126 25.59454 -0.4858899 5.551115e-17 0.3851116 37.46033 0 0 0 1</matrix>
                <instance_node url="#ID10" />
            </node>
            <node id="ID90" name="instance_35">
                <matrix>6.396585e-13 0.4124428 0.4629157 26.99547 -2.302603e-13 0.4629157 -0.4124428 24.64466 -0.62 2.536027e-13 6.307836e-13 31.25347 0 0 0 1</matrix>
                <instance_node url="#ID10" />
            </node>
            <node id="ID91" name="instance_36">
                <matrix>6.798763e-13 -0.414861 0.4607498 36.71148 3.469447e-17 0.4607498 0.414861 24.04858 -0.62 -4.548653e-13 5.05259e-13 31.25347 0 0 0 1</matrix>
                <instance_node url="#ID10" />
            </node>
            <node id="ID92" name="instance_37">
                <matrix>6.798763e-13 -0.5060053 0.3582717 12.75357 2.428613e-17 0.3582717 0.5060053 25.00834 -0.62 -5.548652e-13 3.928914e-13 31.25347 0 0 0 1</matrix>
                <instance_node url="#ID10" />
            </node>
            <node id="ID93" name="instance_38">
                <matrix>6.798763e-13 -0.5060053 0.3582717 25.22208 2.428613e-17 0.3582717 0.5060053 25.00834 -0.62 -5.548652e-13 3.928914e-13 31.25347 0 0 0 1</matrix>
                <instance_node url="#ID10" />
            </node>
            <node id="ID94" name="instance_39">
                <matrix>1.605 1.110223e-16 0 -3.552714e-15 1.387779e-17 1.259566 0.619779 26.64913 -5.551115e-17 -0.9947453 0.7847764 26.95335 0 0 0 1</matrix>
                <instance_node url="#ID68" />
            </node>
            <node id="ID95" name="instance_40">
                <matrix>6.798763e-13 -0.5060053 0.3582717 18.57247 2.428613e-17 0.3582717 0.5060053 32.59889 -0.62 -5.548652e-13 3.928914e-13 31.25347 0 0 0 1</matrix>
                <instance_node url="#ID10" />
            </node>
            <node id="ID96" name="instance_41">
                <matrix>0.2054805 0.183339 0.5554859 35.30369 -0.06360683 0.5922726 -0.1719516 23.57342 -0.5814911 4.163336e-17 0.2151001 31.98223 0 0 0 1</matrix>
                <instance_node url="#ID10" />
            </node>
            <node id="ID97" name="instance_42">
                <matrix>6.662206e-13 0.5369358 0.31 6.242591 -1.355027e-13 0.31 -0.5369358 25.32703 -0.62 5.091622e-13 4.505493e-13 31.25347 0 0 0 1</matrix>
                <instance_node url="#ID10" />
            </node>
            <node id="ID98" name="instance_43">
                <matrix>6.662206e-13 0.5369358 0.31 17.65991 -1.355027e-13 0.31 -0.5369358 25.32703 -0.62 5.091622e-13 4.505493e-13 31.25347 0 0 0 1</matrix>
                <instance_node url="#ID10" />
            </node>
            <node id="ID99" name="instance_44">
                <matrix>6.662206e-13 0.5369358 0.31 12.36858 -1.355027e-13 0.31 -0.5369358 14.36246 -0.62 5.091622e-13 4.505493e-13 31.25347 0 0 0 1</matrix>
                <instance_node url="#ID10" />
            </node>
            <node id="ID100" name="instance_45">
                <matrix>6.798754e-13 -0.2402597 0.5715552 43.92741 3.295975e-17 0.5715552 0.2402597 23.53637 -0.62 -2.634594e-13 6.267348e-13 31.25347 0 0 0 1</matrix>
                <instance_node url="#ID10" />
            </node>
            <node id="ID101" name="instance_46">
                <matrix>-0.3876505 -2.259304e-13 0.4838668 35.40484 -1.412178e-13 0.62 1.764561e-13 22.81141 -0.4838668 2.081668e-17 -0.3876505 30.20875 0 0 0 1</matrix>
                <instance_node url="#ID10" />
            </node>
            <node id="ID102" name="instance_47">
                <matrix>0.3406624 -0.2891597 0.429809 27.89039 0.1796109 0.5484402 0.2266126 21.46856 -0.4858899 5.551115e-17 0.3851116 30.31072 0 0 0 1</matrix>
                <instance_node url="#ID10" />
            </node>
            <node id="ID103" name="instance_48">
                <matrix>-0.5084942 -2.259581e-13 0.3547304 20.15777 -1.852685e-13 0.62 1.292993e-13 22.81141 -0.3547304 -5.551115e-17 -0.5084942 18.22587 0 0 0 1</matrix>
                <instance_node url="#ID10" />
            </node>
            <node id="ID104" name="instance_49">
                <matrix>-0.5084942 -2.259581e-13 0.3547304 12.61053 -1.852685e-13 0.62 1.292993e-13 22.81141 -0.3547304 -5.551115e-17 -0.5084942 29.09595 0 0 0 1</matrix>
                <instance_node url="#ID10" />
            </node>
        </node>
        <node id="ID106" name="Component_7">
            <instance_geometry url="#ID107">
                <bind_material>
                    <technique_common>
                        <instance_material symbol="Material2" target="#ID70">
                            <bind_vertex_input semantic="UVSET0" input_semantic="TEXCOORD" input_set="0" />
                        </instance_material>
                        <instance_material symbol="Material3" target="#ID24">
                            <bind_vertex_input semantic="UVSET0" input_semantic="TEXCOORD" input_set="0" />
                        </instance_material>
                        <instance_material symbol="Material4" target="#ID76">
                            <bind_vertex_input semantic="UVSET0" input_semantic="TEXCOORD" input_set="0" />
                        </instance_material>
                    </technique_common>
                </bind_material>
            </instance_geometry>
        </node>
        <node id="ID121" name="Component_12">
            <node id="ID122" name="instance_57">
                <matrix>0.8549383 0.02193706 -0.5182656 27.50661 0.2108568 0.8981426 0.3858489 24.40524 0.4739408 -0.4391568 0.7632309 10.20047 0 0 0 1</matrix>
                <instance_node url="#ID8" />
            </node>
            <node id="ID123" name="instance_58">
                <matrix>0.07349872 0.8520556 -0.5182656 10.18624 -0.8690413 0.3096577 0.3858489 34.37682 0.4892496 0.4220348 0.7632309 -2.69564 0 0 0 1</matrix>
                <instance_node url="#ID8" />
            </node>
            <node id="ID124" name="instance_59">
                <matrix>0.8369229 0.5236284 -0.1592904 8.156225 -0.4974482 0.8491137 0.1776268 32.29156 0.228266 -0.06942118 0.9711206 -0.3894303 0 0 0 1</matrix>
                <instance_node url="#ID8" />
            </node>
        </node>
        <node id="ID126" name="Component_10">
            <node id="ID127" name="instance_61">
                <matrix>1 0 0 33.26763 0 1 0 24.12579 0 0 1 1.841853 0 0 0 1</matrix>
                <instance_node url="#ID8" />
            </node>
            <node id="ID128" name="instance_62">
                <matrix>0.6916548 0.6916548 -0.2079117 11.8861 -0.7071068 0.7071068 -5.811324e-17 26.64387 0.1470158 0.1470158 0.9781476 -3.205049 0 0 0 1</matrix>
                <instance_node url="#ID8" />
            </node>
            <node id="ID129" name="instance_63">
                <matrix>0.7644424 -0.6102463 -0.2079117 36.17726 0.6238796 0.7815205 -5.702903e-17 28.25541 0.1624872 -0.1297119 0.9781476 1.958196 0 0 0 1</matrix>
                <instance_node url="#ID8" />
            </node>
            <node id="ID130" name="instance_64">
                <matrix>0.2079117 2.888315e-16 0.4980728 9.171515 -6.591949e-17 1 2.367898e-16 36.75879 -0.9781476 -5.20417e-17 0.1058686 13.01823 0 0 0 1</matrix>
                <instance_node url="#ID106" />
            </node>
        </node>
        <node id="ID133" name="Component_4">
            <instance_geometry url="#ID134">
                <bind_material>
                    <technique_common>
                        <instance_material symbol="Material2" target="#ID70">
                            <bind_vertex_input semantic="UVSET0" input_semantic="TEXCOORD" input_set="0" />
                        </instance_material>
                        <instance_material symbol="Material3" target="#ID24">
                            <bind_vertex_input semantic="UVSET0" input_semantic="TEXCOORD" input_set="0" />
                        </instance_material>
                        <instance_material symbol="Material4" target="#ID76">
                            <bind_vertex_input semantic="UVSET0" input_semantic="TEXCOORD" input_set="0" />
                        </instance_material>
                    </technique_common>
                </bind_material>
            </instance_geometry>
        </node>
        <node id="ID143" name="Component_11">
            <node id="ID144" name="instance_68">
                <matrix>-0.2763491 -0.9432657 -0.184068 35.49475 0.9160221 -0.2005807 -0.3473771 23.49321 0.2907484 -0.2646077 0.9194825 3.373251 0 0 0 1</matrix>
                <instance_node url="#ID8" />
            </node>
            <node id="ID145" name="instance_69">
                <matrix>0.3831289 -0.9236505 -0.009055723 36.45166 0.9213171 0.3814213 0.07544997 15.12407 -0.06623535 -0.03725025 0.9971085 1.092918 0 0 0 1</matrix>
                <instance_node url="#ID8" />
            </node>
            <node id="ID146" name="instance_70">
                <matrix>0.07326424 -0.4047222 0.08549555 18.80735 0.1382658 0.184534 0.1930253 9.118385 -0.3659799 -0.01130368 0.09003929 10.86284 0 0 0 1</matrix>
                <instance_node url="#ID106" />
            </node>
            <node id="ID147" name="instance_71">
                <matrix>0.9065828 -0.3797717 -0.184068 29.03118 0.3014387 0.8879549 -0.3473771 5.841537 0.2953681 0.2594409 0.9194825 -5.865678 0 0 0 1</matrix>
                <instance_node url="#ID8" />
            </node>
        </node>
    </library_nodes>
    <library_geometries>
        <geometry id="ID15">
            <mesh>
                <source id="ID18">
                    <float_array id="ID26" count="48">2.220472 1.421085e-13 -4.973799e-14 -0.3812534 8.72771 0.03511173 -1.98952e-13 0 -9.947598e-14 -1.98952e-13 0 -9.947598e-14 -0.3812534 8.72771 0.03511173 2.220472 1.421085e-13 -4.973799e-14 -0.3812534 8.72771 0.03511173 -1.98952e-13 0 -9.947598e-14 2.220472 1.421085e-13 -4.973799e-14 2.220472 1.421085e-13 -4.973799e-14 0.1062705 8.427786 -0.01923972 -0.3812534 8.72771 0.03511173 -0.3812534 8.72771 0.03511173 0.1062705 8.427786 -0.01923972 2.220472 1.421085e-13 -4.973799e-14 0.1062705 8.427786 -0.01923972</float_array>
                    <technique_common>
                        <accessor count="16" source="#ID26" stride="3">
                            <param name="X" type="float" />
                            <param name="Y" type="float" />
                            <param name="Z" type="float" />
                        </accessor>
                    </technique_common>
                </source>
                <source id="ID19">
                    <float_array id="ID27" count="48">-1.900606e-14 -0.004022984 0.9999919 -1.900606e-14 -0.004022984 0.9999919 -1.900606e-14 -0.004022984 0.9999919 1.900606e-14 0.004022984 -0.9999919 1.900606e-14 0.004022984 -0.9999919 1.900606e-14 0.004022984 -0.9999919 0 0 0 0 0 0 0 0 0 0.1322338 0.03543369 0.990585 0.1322338 0.03543369 0.990585 0.1322338 0.03543369 0.990585 -0.1322338 -0.03543369 -0.990585 -0.1322338 -0.03543369 -0.990585 -0.1322338 -0.03543369 -0.990585 0 0 0</float_array>
                    <technique_common>
                        <accessor count="16" source="#ID27" stride="3">
                            <param name="X" type="float" />
                            <param name="Y" type="float" />
                            <param name="Z" type="float" />
                        </accessor>
                    </technique_common>
                </source>
                <source id="ID20">
                    <Name_array id="ID28" count="0" />
                    <technique_common>
                        <accessor count="0" source="#ID28" stride="1">
                            <param name="skp_material" type="Name" />
                        </accessor>
                    </technique_common>
                </source>
                <vertices id="ID21">
                    <input semantic="POSITION" source="#ID18" />
                    <input semantic="NORMAL" source="#ID19" />
                </vertices>
                <triangles count="4" material="Material2">
                    <input offset="0" semantic="VERTEX" source="#ID21" />
                    <p>0 1 2 3 4 5 9 10 11 12 13 14</p>
                </triangles>
                <lines count="1" material="Material3">
                    <input offset="0" semantic="VERTEX" source="#ID21" />
                    <p>6 7</p>
                </lines>
                <lines count="4" material="Material4">
                    <input offset="0" semantic="VERTEX" source="#ID21" />
                    <p>7 8 6 8 8 15 15 6</p>
                </lines>
            </mesh>
        </geometry>
        <geometry id="ID31">
            <mesh>
                <source id="ID32">
                    <float_array id="ID36" count="48">-1.98952e-13 0 -9.947598e-14 -0.3812534 8.72771 0.03511173 2.220472 1.421085e-13 -4.973799e-14 2.220472 1.421085e-13 -4.973799e-14 -0.3812534 8.72771 0.03511173 -1.98952e-13 0 -9.947598e-14 -0.3812534 8.72771 0.03511173 -1.98952e-13 0 -9.947598e-14 2.220472 1.421085e-13 -4.973799e-14 -0.3812534 8.72771 0.03511173 0.1062705 8.427786 -0.01923972 2.220472 1.421085e-13 -4.973799e-14 2.220472 1.421085e-13 -4.973799e-14 0.1062705 8.427786 -0.01923972 -0.3812534 8.72771 0.03511173 0.1062705 8.427786 -0.01923972</float_array>
                    <technique_common>
                        <accessor count="16" source="#ID36" stride="3">
                            <param name="X" type="float" />
                            <param name="Y" type="float" />
                            <param name="Z" type="float" />
                        </accessor>
                    </technique_common>
                </source>
                <source id="ID33">
                    <float_array id="ID37" count="48">-1.900606e-14 -0.004022984 0.9999919 -1.900606e-14 -0.004022984 0.9999919 -1.900606e-14 -0.004022984 0.9999919 1.900606e-14 0.004022984 -0.9999919 1.900606e-14 0.004022984 -0.9999919 1.900606e-14 0.004022984 -0.9999919 0 0 0 0 0 0 0 0 0 0.1322338 0.03543369 0.990585 0.1322338 0.03543369 0.990585 0.1322338 0.03543369 0.990585 -0.1322338 -0.03543369 -0.990585 -0.1322338 -0.03543369 -0.990585 -0.1322338 -0.03543369 -0.990585 0 0 0</float_array>
                    <technique_common>
                        <accessor count="16" source="#ID37" stride="3">
                            <param name="X" type="float" />
                            <param name="Y" type="float" />
                            <param name="Z" type="float" />
                        </accessor>
                    </technique_common>
                </source>
                <source id="ID34">
                    <Name_array id="ID38" count="0" />
                    <technique_common>
                        <accessor count="0" source="#ID38" stride="1">
                            <param name="skp_material" type="Name" />
                        </accessor>
                    </technique_common>
                </source>
                <vertices id="ID35">
                    <input semantic="POSITION" source="#ID32" />
                    <input semantic="NORMAL" source="#ID33" />
                </vertices>
                <triangles count="4" material="Material2">
                    <input offset="0" semantic="VERTEX" source="#ID35" />
                    <p>0 1 2 3 4 5 9 10 11 12 13 14</p>
                </triangles>
                <lines count="1" material="Material3">
                    <input offset="0" semantic="VERTEX" source="#ID35" />
                    <p>6 7</p>
                </lines>
                <lines count="4" material="Material4">
                    <input offset="0" semantic="VERTEX" source="#ID35" />
                    <p>7 8 6 8 8 15 15 6</p>
                </lines>
            </mesh>
        </geometry>
        <geometry id="ID50">
            <mesh>
                <source id="ID51">
                    <float_array id="ID55" count="36">0 0 27.81496 0.7480315 0 0 0 0 0 0.3740157 0 27.81496 0.3740157 0 27.81496 0 0 27.81496 0.7480315 0 0 0 0 0 0 0 0 0.7480315 0 0 0 0 27.81496 0.3740157 0 27.81496</float_array>
                    <technique_common>
                        <accessor count="12" source="#ID55" stride="3">
                            <param name="X" type="float" />
                            <param name="Y" type="float" />
                            <param name="Z" type="float" />
                        </accessor>
                    </technique_common>
                </source>
                <source id="ID52">
                    <float_array id="ID56" count="36">0 1 0 0 1 0 0 1 0 0 1 0 -0 -1 -0 -0 -1 -0 -0 -1 -0 -0 -1 -0 0 0 0 0 0 0 0 0 0 0 0 0</float_array>
                    <technique_common>
                        <accessor count="12" source="#ID56" stride="3">
                            <param name="X" type="float" />
                            <param name="Y" type="float" />
                            <param name="Z" type="float" />
                        </accessor>
                    </technique_common>
                </source>
                <source id="ID53">
                    <Name_array id="ID57" count="0" />
                    <technique_common>
                        <accessor count="0" source="#ID57" stride="1">
                            <param name="skp_material" type="Name" />
                        </accessor>
                    </technique_common>
                </source>
